  ID  JPA6500 JPA6600 JPA6700 JPA6800 JPA6900 JPA7000 JPA7100 JPA7200 JPA7300 JPA7400 JPA7500 JPA7600 JPA7700 JPA7800 JPA7900 JPA8000 JPA8100 JPA8200 JPA8300 JPA8400 JPA8500 JPA8600 JPA8700 JPA8800 JPA8900 JPA9000 JPA9100
   1 -21.138 -21.209 -21.264 -21.260 -21.403 -21.524 -21.649 -21.699 -21.718 -21.776 -21.868 -21.863 -21.843 -21.945 -21.932 -21.951 -21.959 -21.976 -22.076 -22.147 -22.203 -22.224 -22.240 -22.273 -22.317 -22.381 -22.422
   1   0.014   0.014   0.014   0.012   0.013   0.014   0.013   0.013   0.014   0.014   0.013   0.013   0.015   0.014   0.015   0.014   0.015   0.014   0.013   0.013   0.014   0.014   0.015   0.014   0.014   0.014   0.013
   2 -21.556 -21.584 -21.695 -21.770 -21.804 -21.839 -21.874 -21.927 -21.982 -22.029 -22.011 -22.055 -22.109 -22.093 -22.106 -22.130 -22.180 -22.225 -22.218 -22.243 -22.246 -22.280 -22.310 -22.348 -22.389 -22.391 -22.383
   2   0.008   0.008   0.008   0.008   0.008   0.009   0.009   0.008   0.008   0.008   0.008   0.009   0.008   0.008   0.008   0.008   0.008   0.008   0.008   0.008   0.009   0.009   0.008   0.008   0.008   0.008   0.008
   3 -21.522 -21.586 -21.602 -21.594 -21.636 -21.763 -21.852 -21.877 -21.910 -21.964 -21.986 -22.031 -22.104 -22.093 -22.140 -22.190 -22.217 -22.189 -22.212 -22.279 -22.327 -22.338 -22.357 -22.387 -22.386 -22.413 -22.449
   3   0.009   0.008   0.009   0.008   0.008   0.008   0.008   0.007   0.009   0.008   0.008   0.008   0.009   0.008   0.008   0.008   0.008   0.009   0.009   0.009   0.009   0.009   0.009   0.008   0.008   0.009   0.008
   4 -21.372 -21.401 -21.452 -21.478 -21.504 -21.538 -21.542 -21.529 -21.570 -21.655 -21.709 -21.703 -21.723 -21.800 -21.825 -21.867 -21.912 -21.920 -21.928 -21.980 -22.017 -22.016 -22.012 -22.042 -22.084 -22.120 -22.189
   4   0.002   0.002   0.002   0.002   0.002   0.003   0.002   0.002   0.002   0.002   0.002   0.003   0.003   0.003   0.003   0.003   0.002   0.003   0.002   0.003   0.003   0.003   0.002   0.002   0.003   0.003   0.002
   5 -21.431 -21.470 -21.549 -21.557 -21.609 -21.652 -21.668 -21.674 -21.696 -21.815 -21.901 -21.928 -21.958 -21.997 -22.027 -22.072 -22.127 -22.158 -22.148 -22.206 -22.247 -22.257 -22.242 -22.261 -22.311 -22.353 -22.375
   5   0.002   0.002   0.002   0.002   0.002   0.002   0.002   0.002   0.002   0.002   0.002   0.002   0.002   0.002   0.002   0.002   0.002   0.002   0.002   0.002   0.002   0.002   0.002   0.002   0.002   0.002   0.002
   6 -21.698 -21.721 -21.760 -21.782 -21.830 -21.888 -21.913 -21.933 -21.984 -21.996 -21.976 -21.996 -22.053 -22.104 -22.102 -22.108 -22.135 -22.157 -22.175 -22.211 -22.251 -22.245 -22.250 -22.302 -22.361 -22.408 -22.439
   6   0.008   0.008   0.009   0.008   0.008   0.008   0.008   0.008   0.007   0.009   0.008   0.008   0.008   0.008   0.009   0.008   0.008   0.008   0.008   0.008   0.008   0.008   0.008   0.008   0.008   0.008   0.008
   7 -20.882 -20.999 -21.155 -21.298 -21.389 -21.452 -21.482 -21.556 -21.606 -21.605 -21.688 -21.690 -21.721 -21.712 -21.742 -21.862 -21.948 -21.987 -22.012 -22.055 -22.081 -22.127 -22.177 -22.231 -22.234 -22.235 -22.297
   7   0.004   0.004   0.004   0.004   0.004   0.004   0.004   0.004   0.004   0.004   0.004   0.004   0.004   0.004   0.004   0.004   0.004   0.004   0.004   0.004   0.004   0.004   0.004   0.004   0.004   0.004   0.004
   8 -21.181 -21.268 -21.319 -21.413 -21.435 -21.509 -21.571 -21.598 -21.610 -21.638 -21.766 -21.876 -21.930 -21.953 -22.004 -22.056 -22.086 -22.152 -22.212 -22.201 -22.261 -22.316 -22.353 -22.339 -22.342 -22.410 -22.473
   8   0.008   0.008   0.008   0.008   0.008   0.008   0.008   0.008   0.008   0.008   0.008   0.009   0.008   0.008   0.008   0.008   0.009   0.008   0.008   0.008   0.008   0.008   0.008   0.008   0.008   0.009   0.008
   9 -21.608 -21.742 -21.844 -21.903 -21.971 -22.009 -22.054 -22.054 -22.164 -22.148 -22.137 -22.125 -22.192 -22.299 -22.371 -22.378 -22.471 -22.517 -22.507 -22.568 -22.601 -22.616 -22.625 -22.674 -22.713 -22.772 -22.728
   9   0.010   0.010   0.010   0.011   0.011   0.010   0.011   0.011   0.010   0.010   0.011   0.012   0.012   0.011   0.011   0.012   0.011   0.011   0.011   0.011   0.011   0.011   0.011   0.011   0.010   0.011   0.011
  10 -21.393 -21.431 -21.462 -21.473 -21.515 -21.528 -21.534 -21.530 -21.599 -21.661 -21.677 -21.662 -21.731 -21.761 -21.796 -21.836 -21.872 -21.865 -21.907 -21.938 -21.950 -21.944 -21.962 -22.000 -22.033 -22.050 -22.401
  10   0.002   0.002   0.002   0.002   0.002   0.002   0.002   0.002   0.002   0.002   0.002   0.002   0.002   0.002   0.002   0.002   0.002   0.002   0.003   0.003   0.002   0.003   0.002   0.002   0.003   0.003   0.002
  11 -21.574 -21.682 -21.748 -21.765 -21.800 -21.811 -21.859 -21.916 -21.958 -21.983 -22.025 -22.027 -21.998 -22.023 -22.074 -22.138 -22.152 -22.142 -22.155 -22.172 -22.175 -22.208 -22.230 -22.279 -22.255 -22.293 -22.343
  11   0.017   0.017   0.017   0.017   0.015   0.017   0.015   0.016   0.016   0.016   0.015   0.015   0.017   0.017   0.016   0.015   0.016   0.015   0.016   0.015   0.017   0.016   0.018   0.017   0.017   0.016   0.016
  12 -21.567 -21.583 -21.610 -21.597 -21.700 -21.804 -21.852 -21.876 -21.920 -21.956 -21.998 -22.061 -22.068 -22.083 -22.148 -22.187 -22.180 -22.173 -22.224 -22.275 -22.301 -22.297 -22.331 -22.344 -22.364 -22.397 -22.445
  12   0.004   0.004   0.004   0.004   0.004   0.004   0.004   0.004   0.004   0.004   0.004   0.004   0.004   0.004   0.004   0.004   0.004   0.004   0.004   0.004   0.004   0.004   0.004   0.004   0.004   0.004   0.004
  13 -21.505 -21.524 -21.598 -21.620 -21.634 -21.633 -21.742 -21.847 -21.886 -21.904 -21.952 -21.991 -22.019 -22.085 -22.098 -22.105 -22.166 -22.208 -22.211 -22.186 -22.240 -22.294 -22.331 -22.328 -22.356 -22.378 -22.382
  13   0.008   0.008   0.009   0.008   0.009   0.008   0.009   0.008   0.008   0.008   0.008   0.008   0.009   0.008   0.008   0.008   0.009   0.008   0.009   0.008   0.009   0.008   0.008   0.008   0.008   0.009   0.009
  14 -20.437 -20.427 -20.545 -20.578 -20.684 -20.824 -21.293 -21.383 -21.467 -21.517 -21.610 -21.649 -21.822 -21.915 -22.045 -22.154 -22.230 -22.300 -22.321 -22.403 -22.464 -22.454 -22.536 -22.594 -22.626 -22.644 -22.625
  14   0.008   0.009   0.009   0.007   0.008   0.008   0.008   0.008   0.008   0.008   0.007   0.007   0.008   0.008   0.008   0.008   0.008   0.009   0.008   0.008   0.008   0.008   0.008   0.008   0.008   0.007   0.008
  15 -21.115 -21.216 -21.299 -21.343 -21.436 -21.461 -21.503 -21.589 -21.622 -21.652 -21.645 -21.743 -21.865 -21.931 -21.954 -21.998 -22.055 -22.085 -22.132 -22.203 -22.211 -22.227 -22.296 -22.340 -22.355 -22.329 -22.375
  15   0.008   0.008   0.008   0.008   0.008   0.009   0.008   0.008   0.008   0.008   0.008   0.008   0.008   0.007   0.008   0.008   0.009   0.008   0.009   0.008   0.007   0.008   0.008   0.008   0.008   0.009   0.009
  16 -21.316 -21.430 -21.521 -21.574 -21.618 -21.637 -21.690 -21.673 -21.687 -21.744 -21.741 -21.762 -21.722 -21.794 -21.864 -21.906 -21.922 -21.954 -21.979 -21.998 -22.036 -22.072 -22.093 -22.071 -22.120 -22.146 -22.153
  16   0.002   0.002   0.002   0.002   0.002   0.002   0.002   0.002   0.002   0.002   0.002   0.002   0.002   0.002   0.002   0.002   0.002   0.002   0.002   0.002   0.002   0.002   0.002   0.002   0.002   0.002   0.002
  17 -21.699 -21.537 -21.310 -21.360 -21.453 -21.477 -21.506 -21.591 -21.614 -21.650 -21.684 -21.700 -21.728 -21.763 -21.824 -21.819 -21.796 -21.859 -21.905 -21.906 -22.100 -22.208 -21.976 -21.983 -21.949 -22.016 -22.081
  17   0.014   0.015   0.020   0.021   0.021   0.023   0.022   0.022   0.022   0.023   0.022   0.023   0.023   0.023   0.024   0.023   0.022   0.022   0.023   0.024   0.019   0.020   0.024   0.025   0.025   0.024   0.021
  18 -21.574 -21.592 -21.587 -21.630 -21.754 -21.829 -21.855 -21.897 -21.941 -21.970 -22.024 -22.072 -22.065 -22.123 -22.164 -22.174 -22.154 -22.193 -22.248 -22.291 -22.290 -22.310 -22.338 -22.346 -22.374 -22.415 -22.458
  18   0.004   0.004   0.004   0.004   0.004   0.004   0.004   0.004   0.004   0.004   0.004   0.004   0.004   0.004   0.004   0.004   0.004   0.004   0.004   0.004   0.004   0.004   0.004   0.004   0.004   0.004   0.004
  19 -21.510 -21.532 -21.545 -21.647 -21.718 -21.743 -21.783 -21.814 -21.849 -21.901 -21.949 -21.954 -21.999 -22.035 -22.042 -22.034 -22.065 -22.113 -22.157 -22.155 -22.164 -22.205 -22.222 -22.247 -22.282 -22.320 -22.332
  19   0.002   0.002   0.002   0.002   0.002   0.002   0.002   0.002   0.002   0.002   0.002   0.002   0.002   0.002   0.002   0.002   0.002   0.002   0.002   0.002   0.002   0.002   0.002   0.002   0.002   0.002   0.002
  20 -20.351 -20.757 -20.820 -20.884 -20.944 -20.965 -21.065 -21.222 -21.343 -21.453 -21.513 -21.568 -21.606 -21.679 -21.711 -21.710 -21.796 -21.787 -21.820 -21.831 -21.819 -21.926 -22.008 -22.061 -22.089 -22.121 -22.162
  20   0.002   0.002   0.002   0.002   0.002   0.002   0.002   0.002   0.002   0.002   0.002   0.002   0.002   0.002   0.002   0.002   0.002   0.002   0.002   0.002   0.002   0.002   0.002   0.002   0.002   0.002   0.002
  21 -21.456 -21.513 -21.512 -21.564 -21.570 -21.607 -21.723 -21.769 -21.799 -21.832 -21.844 -21.881 -21.947 -22.000 -22.010 -22.061 -22.077 -22.062 -22.042 -22.094 -22.146 -22.216 -22.222 -22.211 -22.234 -22.249 -22.261
  21   0.017   0.017   0.017   0.016   0.016   0.016   0.016   0.017   0.016   0.016   0.016   0.016   0.017   0.015   0.017   0.017   0.016   0.017   0.017   0.017   0.016   0.017   0.017   0.018   0.017   0.017   0.017
  22 -21.442 -21.587 -21.703 -21.750 -21.808 -21.881 -21.924 -22.004 -22.058 -22.080 -22.159 -22.219 -22.230 -22.235 -22.309 -22.381 -22.415 -22.443 -22.493 -22.511 -22.555 -22.610 -22.675 -22.709 -22.702 -22.756 -22.849
  22   0.008   0.008   0.008   0.008   0.008   0.008   0.009   0.008   0.009   0.008   0.008   0.008   0.009   0.008   0.009   0.008   0.008   0.008   0.008   0.008   0.008   0.009   0.008   0.008   0.008   0.009   0.009
  23 -21.710 -21.752 -21.788 -21.826 -21.866 -21.923 -21.972 -21.967 -22.021 -22.063 -22.060 -22.068 -22.104 -22.150 -22.182 -22.178 -22.213 -22.225 -22.255 -22.287 -22.329 -22.345 -22.328 -22.377 -22.442 -22.485 -22.517
  23   0.002   0.002   0.002   0.002   0.002   0.002   0.002   0.002   0.002   0.002   0.002   0.002   0.002   0.002   0.002   0.002   0.002   0.002   0.002   0.002   0.002   0.002   0.002   0.002   0.002   0.002   0.002
  24 -21.535 -21.582 -21.601 -21.602 -21.650 -21.776 -21.848 -21.879 -21.925 -21.961 -22.003 -22.055 -22.115 -22.102 -22.152 -22.201 -22.215 -22.204 -22.224 -22.273 -22.322 -22.346 -22.345 -22.377 -22.382 -22.412 -22.442
  24   0.002   0.002   0.002   0.002   0.002   0.002   0.002   0.002   0.002   0.002   0.002   0.002   0.002   0.002   0.002   0.002   0.002   0.002   0.002   0.002   0.002   0.002   0.002   0.002   0.002   0.002   0.002
  25 -21.494 -21.547 -21.556 -21.619 -21.737 -21.791 -21.832 -21.873 -21.903 -21.963 -22.026 -22.059 -22.085 -22.140 -22.167 -22.156 -22.173 -22.222 -22.280 -22.317 -22.304 -22.332 -22.363 -22.390 -22.420 -22.464 -22.508
  25   0.008   0.008   0.008   0.008   0.008   0.008   0.008   0.008   0.008   0.008   0.008   0.008   0.008   0.008   0.008   0.008   0.009   0.008   0.008   0.008   0.008   0.008   0.008   0.007   0.008   0.008   0.009
  26 -20.816 -20.903 -20.998 -21.073 -21.123 -21.171 -21.242 -21.328 -21.446 -21.729 -21.462 -21.404 -21.450 -21.550 -21.653 -21.692 -21.694 -21.762 -21.831 -21.836 -21.889 -21.967 -21.975 -22.009 -22.064 -22.114 -22.136
  26   0.014   0.016   0.015   0.016   0.017   0.018   0.018   0.018   0.016   0.013   0.017   0.019   0.020   0.020   0.020   0.020   0.022   0.021   0.021   0.022   0.022   0.021   0.021   0.021   0.022   0.020   0.020
  27 -20.391 -20.549 -20.732 -20.898 -21.022 -21.119 -21.177 -21.265 -21.360 -21.385 -21.487 -21.529 -21.578 -21.584 -21.630 -21.764 -21.878 -21.944 -21.973 -22.028 -22.090 -22.122 -22.177 -22.256 -22.277 -22.290 -22.365
  27   0.009   0.009   0.008   0.008   0.008   0.008   0.008   0.008   0.008   0.007   0.008   0.008   0.008   0.008   0.009   0.008   0.008   0.008   0.008   0.008   0.008   0.009   0.007   0.008   0.009   0.008   0.008
  28 -21.593 -21.713 -21.774 -21.796 -21.854 -21.892 -21.937 -22.005 -22.008 -22.057 -22.108 -22.129 -22.106 -22.161 -22.227 -22.265 -22.271 -22.308 -22.318 -22.343 -22.387 -22.448 -22.479 -22.468 -22.474 -22.559 -22.617
  28   0.008   0.008   0.008   0.008   0.009   0.008   0.009   0.008   0.008   0.008   0.008   0.009   0.008   0.008   0.008   0.008   0.008   0.008   0.008   0.009   0.008   0.008   0.008   0.009   0.008   0.008   0.008
  29 -20.005 -19.990 -20.107 -20.133 -20.250 -20.366 -20.396 -20.582 -20.599 -20.744 -20.783 -21.035 -21.241 -21.243 -21.316 -21.348 -21.383 -21.367 -21.509 -21.600 -21.703 -21.759 -21.792 -21.813 -21.844 -21.906 -21.938
  29   0.008   0.008   0.008   0.008   0.008   0.009   0.008   0.008   0.008   0.008   0.008   0.008   0.008   0.008   0.008   0.008   0.007   0.008   0.008   0.008   0.008   0.008   0.008   0.008   0.008   0.009   0.008
  30 -21.340 -21.396 -21.447 -21.526 -21.672 -21.797 -21.898 -21.949 -22.022 -22.057 -22.102 -22.098 -22.153 -22.230 -22.188 -22.194 -22.192 -22.269 -22.375 -22.413 -22.434 -22.532 -22.574 -22.562 -22.620 -22.666 -22.679
  30   0.011   0.010   0.011   0.011   0.011   0.011   0.010   0.010   0.011   0.011   0.011   0.012   0.011   0.010   0.011   0.012   0.011   0.011   0.011   0.011   0.012   0.010   0.010   0.011   0.011   0.011   0.012
  31 -20.284 -20.429 -20.634 -20.843 -20.882 -20.981 -21.027 -21.035 -21.119 -21.264 -21.364 -21.445 -21.474 -21.540 -21.586 -21.650 -21.664 -21.683 -21.753 -21.750 -21.805 -21.849 -21.842 -21.915 -22.007 -22.070 -22.085
  31   0.017   0.016   0.017   0.017   0.015   0.016   0.018   0.016   0.017   0.018   0.016   0.016   0.016   0.019   0.017   0.016   0.015   0.016   0.016   0.016   0.016   0.016   0.016   0.017   0.015   0.016   0.015
  32 -20.876 -20.950 -20.972 -21.059 -21.216 -21.339 -21.435 -21.506 -21.547 -21.584 -21.656 -21.659 -21.705 -21.752 -21.758 -21.793 -21.763 -21.835 -21.937 -22.008 -22.031 -22.058 -22.098 -22.124 -22.156 -22.206 -22.257
  32   0.002   0.002   0.002   0.002   0.002   0.002   0.002   0.002   0.002   0.002   0.002   0.002   0.002   0.002   0.002   0.002   0.002   0.002   0.002   0.002   0.002   0.002   0.002   0.002   0.002   0.002   0.002
  33 -21.486 -21.452 -21.466 -21.534 -21.570 -21.583 -21.634 -21.674 -21.698 -21.749 -21.794 -21.792 -21.817 -21.847 -21.854 -21.856 -21.890 -21.937 -21.958 -22.216 -22.389 -22.047 -22.081 -22.015 -22.053 -22.087 -22.091
  33   0.004   0.004   0.004   0.004   0.004   0.004   0.004   0.004   0.004   0.004   0.004   0.004   0.004   0.004   0.004   0.004   0.004   0.004   0.004   0.004   0.004   0.004   0.004   0.004   0.004   0.004   0.004
  34 -21.332 -21.412 -21.454 -21.496 -21.542 -21.595 -21.574 -21.648 -21.646 -21.685 -21.687 -21.701 -21.818 -21.884 -21.898 -21.933 -21.955 -21.971 -22.016 -22.062 -22.107 -22.102 -22.154 -22.178 -22.191 -22.174 -22.183
  34   0.008   0.009   0.009   0.008   0.007   0.008   0.009   0.009   0.008   0.008   0.008   0.008   0.008   0.007   0.008   0.008   0.009   0.008   0.008   0.008   0.008   0.008   0.008   0.008   0.009   0.009   0.009
  35 -21.612 -21.671 -21.683 -21.740 -21.824 -21.783 -21.814 -21.882 -21.863 -21.893 -21.880 -21.965 -22.040 -22.097 -22.119 -22.140 -22.157 -22.214 -22.250 -22.306 -22.295 -22.284 -22.327 -22.379 -22.337 -22.358 -22.369
  35   0.013   0.013   0.014   0.015   0.014   0.015   0.013   0.014   0.014   0.014   0.014   0.013   0.015   0.015   0.014   0.014   0.014   0.014   0.013   0.014   0.014   0.014   0.014   0.013   0.015   0.015   0.014
  36 -21.847 -21.889 -21.896 -21.925 -22.027 -22.167 -22.217 -22.325 -22.416 -22.425 -22.505 -22.550 -22.587 -22.622 -22.692 -22.779 -22.772 -22.767 -22.859 -22.925 -22.939 -22.986 -23.016 -23.038 -23.037 -23.063 -23.150
  36   0.010   0.010   0.011   0.011   0.010   0.011   0.011   0.010   0.010   0.010   0.010   0.011   0.011   0.010   0.010   0.010   0.010   0.011   0.010   0.010   0.010   0.011   0.011   0.011   0.011   0.011   0.010
  37 -21.536 -21.543 -21.560 -21.678 -21.778 -21.807 -21.835 -21.891 -21.918 -21.968 -22.034 -22.037 -22.083 -22.127 -22.152 -22.125 -22.165 -22.232 -22.285 -22.283 -22.314 -22.338 -22.345 -22.377 -22.428 -22.477 -22.488
  37   0.008   0.009   0.008   0.009   0.008   0.008   0.008   0.008   0.008   0.009   0.008   0.008   0.008   0.008   0.008   0.008   0.008   0.009   0.008   0.008   0.008   0.008   0.009   0.008   0.008   0.008   0.008
  38 -21.592 -21.661 -21.652 -21.709 -21.707 -21.736 -21.713 -21.748 -21.847 -21.898 -21.916 -21.952 -21.973 -21.998 -22.038 -22.081 -22.073 -22.098 -22.143 -22.167 -22.146 -22.140 -22.170 -22.209 -22.234 -22.217 -22.221
  38   0.002   0.002   0.002   0.002   0.002   0.002   0.002   0.002   0.002   0.002   0.002   0.002   0.002   0.002   0.002   0.002   0.002   0.002   0.002   0.002   0.002   0.002   0.002   0.002   0.002   0.002   0.002
  39 -21.143 -21.294 -21.398 -21.464 -21.516 -21.547 -21.597 -21.643 -21.621 -21.703 -21.700 -21.734 -21.732 -21.750 -21.849 -21.921 -21.939 -21.966 -21.998 -22.015 -22.049 -22.097 -22.139 -22.137 -22.154 -22.204 -22.229
  39   0.004   0.004   0.004   0.004   0.004   0.004   0.004   0.004   0.004   0.004   0.004   0.004   0.004   0.004   0.004   0.004   0.004   0.004   0.004   0.004   0.005   0.004   0.004   0.004   0.004   0.004   0.004
  40 -21.935 -21.956 -22.060 -22.184 -22.224 -22.330 -22.383 -22.401 -22.482 -22.517 -22.527 -22.568 -22.648 -22.701 -22.666 -22.712 -22.798 -22.818 -22.849 -22.876 -22.907 -22.889 -22.898 -22.957 -23.052 -23.068 -23.026
  40   0.011   0.010   0.010   0.011   0.011   0.010   0.010   0.010   0.011   0.011   0.011   0.011   0.011   0.011   0.011   0.011   0.010   0.011   0.011   0.011   0.011   0.011   0.012   0.011   0.010   0.010   0.011
  41 -20.844 -20.896 -20.960 -21.021 -21.050 -21.201 -21.320 -21.432 -21.500 -21.566 -21.591 -21.660 -21.707 -21.697 -21.784 -21.782 -21.812 -21.816 -21.813 -21.919 -22.004 -22.048 -22.066 -22.102 -22.140 -22.163 -22.202
  41   0.002   0.002   0.002   0.002   0.002   0.002   0.002   0.002   0.002   0.002   0.002   0.002   0.002   0.002   0.002   0.002   0.002   0.002   0.002   0.002   0.002   0.002   0.002   0.002   0.002   0.002   0.002
  42 -19.632 -19.645 -19.787 -19.808 -19.971 -20.114 -20.085 -20.235 -20.197 -20.365 -20.404 -20.754 -20.978 -21.019 -21.075 -21.119 -21.158 -21.192 -21.353 -21.448 -21.576 -21.650 -21.703 -21.743 -21.769 -21.836 -21.889
  42   0.004   0.004   0.004   0.004   0.004   0.004   0.004   0.004   0.004   0.004   0.004   0.004   0.004   0.004   0.004   0.004   0.005   0.004   0.004   0.004   0.004   0.004   0.004   0.004   0.004   0.005   0.004
  43 -21.568 -21.598 -21.586 -21.655 -21.761 -21.816 -21.845 -21.886 -21.916 -21.969 -22.023 -22.037 -22.047 -22.103 -22.141 -22.131 -22.136 -22.170 -22.215 -22.247 -22.237 -22.265 -22.284 -22.307 -22.335 -22.374 -22.410
  43   0.002   0.002   0.002   0.002   0.002   0.002   0.002   0.002   0.002   0.002   0.002   0.002   0.002   0.002   0.002   0.002   0.002   0.002   0.002   0.002   0.002   0.002   0.002   0.002   0.002   0.002   0.002
  44 -21.557 -21.649 -21.656 -21.705 -21.697 -21.724 -21.682 -21.730 -21.867 -21.932 -21.952 -21.993 -22.031 -22.062 -22.113 -22.172 -22.149 -22.172 -22.244 -22.268 -22.246 -22.237 -22.264 -22.302 -22.337 -22.337 -22.345
  44   0.004   0.004   0.004   0.004   0.004   0.004   0.004   0.004   0.004   0.004   0.004   0.005   0.004   0.004   0.004   0.004   0.004   0.004   0.004   0.004   0.004   0.004   0.004   0.004   0.004   0.004   0.004
  45 -21.218 -21.260 -21.261 -21.276 -21.371 -21.296 -21.362 -21.330 -21.331 -21.341 -21.372 -21.344 -21.317 -21.386 -21.448 -21.460 -21.518 -21.533 -21.567 -21.565 -21.558 -21.591 -21.581 -21.564 -21.606 -21.633 -21.632
  45   0.004   0.004   0.004   0.004   0.004   0.004   0.004   0.004   0.004   0.004   0.004   0.004   0.004   0.004   0.004   0.004   0.004   0.004   0.004   0.004   0.004   0.004   0.004   0.004   0.004   0.004   0.004
  46 -21.506 -21.558 -21.564 -21.608 -21.723 -21.762 -21.798 -21.822 -21.838 -21.893 -21.952 -21.989 -22.013 -22.055 -22.060 -22.032 -22.051 -22.101 -22.161 -22.196 -22.172 -22.185 -22.205 -22.226 -22.246 -22.283 -22.326
  46   0.018   0.015   0.016   0.016   0.017   0.017   0.016   0.017   0.017   0.017   0.016   0.015   0.015   0.016   0.016   0.018   0.018   0.017   0.016   0.015   0.016   0.017   0.017   0.017   0.017   0.016   0.017
  47 -22.285 -22.300 -22.415 -22.526 -22.546 -22.558 -22.625 -22.625 -22.675 -22.742 -22.725 -22.777 -22.820 -22.834 -22.787 -22.856 -22.923 -22.942 -22.943 -22.985 -22.965 -22.981 -23.025 -23.090 -23.117 -23.108 -23.082
  47   0.009   0.008   0.009   0.009   0.008   0.008   0.008   0.009   0.009   0.008   0.009   0.008   0.008   0.008   0.008   0.009   0.008   0.009   0.008   0.009   0.008   0.009   0.009   0.008   0.009   0.009   0.009
  48 -21.566 -21.587 -21.707 -21.801 -21.828 -21.860 -21.913 -21.934 -21.989 -22.045 -22.036 -22.093 -22.138 -22.145 -22.121 -22.175 -22.233 -22.261 -22.260 -22.296 -22.301 -22.321 -22.359 -22.414 -22.445 -22.435 -22.425
  48   0.008   0.008   0.008   0.008   0.008   0.008   0.008   0.008   0.008   0.008   0.008   0.009   0.008   0.008   0.009   0.007   0.008   0.008   0.008   0.008   0.009   0.008   0.008   0.008   0.008   0.008   0.009
  49 -21.586 -21.684 -21.736 -21.767 -21.807 -21.851 -21.909 -21.964 -21.962 -22.008 -22.059 -22.065 -22.063 -22.096 -22.148 -22.192 -22.191 -22.216 -22.237 -22.269 -22.303 -22.347 -22.385 -22.375 -22.387 -22.457 -22.511
  49   0.004   0.004   0.004   0.004   0.004   0.004   0.004   0.004   0.004   0.004   0.004   0.004   0.004   0.004   0.004   0.004   0.004   0.004   0.004   0.004   0.004   0.004   0.004   0.004   0.004   0.004   0.004
  50 -20.249 -20.317 -20.501 -20.587 -20.735 -20.834 -21.139 -21.134 -21.189 -21.270 -21.310 -21.283 -21.391 -21.499 -21.596 -21.651 -21.693 -21.728 -21.754 -21.809 -21.828 -21.797 -21.890 -21.883 -21.900 -21.931 -21.909
  50   0.004   0.004   0.004   0.004   0.004   0.004   0.004   0.004   0.004   0.004   0.004   0.004   0.004   0.004   0.004   0.004   0.004   0.004   0.004   0.004   0.005   0.004   0.004   0.004   0.004   0.004   0.004
  51 -20.291 -20.640 -20.689 -20.774 -20.846 -20.885 -20.950 -21.123 -21.242 -21.352 -21.407 -21.458 -21.527 -21.609 -21.622 -21.625 -21.734 -21.734 -21.769 -21.790 -21.796 -21.898 -21.976 -22.039 -22.076 -22.104 -22.149
  51   0.009   0.009   0.008   0.008   0.008   0.008   0.008   0.009   0.008   0.008   0.008   0.009   0.008   0.008   0.008   0.008   0.008   0.008   0.009   0.008   0.008   0.008   0.008   0.008   0.009   0.009   0.009
  52 -21.619 -21.632 -21.675 -21.661 -21.688 -21.658 -21.800 -21.915 -21.940 -21.973 -22.006 -22.014 -22.078 -22.125 -22.143 -22.123 -22.177 -22.213 -22.213 -22.224 -22.255 -22.284 -22.318 -22.318 -22.329 -22.349 -22.340
  52   0.008   0.008   0.008   0.008   0.008   0.009   0.009   0.008   0.008   0.008   0.008   0.008   0.008   0.008   0.008   0.009   0.009   0.009   0.008   0.008   0.008   0.008   0.009   0.008   0.008   0.008   0.008
  53 -21.073 -21.081 -21.075 -21.404 -21.547 -22.307 -21.464 -21.108 -21.086 -21.066 -21.094 -21.054 -21.079 -21.153 -21.168 -21.154 -21.186 -21.227 -21.212 -21.212 -21.266 -21.265 -21.224 -21.292 -21.311 -21.256 -21.501
  53   0.008   0.007   0.008   0.009   0.010   0.012   0.008   0.008   0.008   0.008   0.008   0.009   0.008   0.008   0.008   0.008   0.008   0.007   0.008   0.007   0.008   0.007   0.008   0.008   0.008   0.008   0.008
  54 -21.744 -21.749 -21.813 -21.913 -21.988 -22.018 -22.051 -22.091 -22.162 -22.212 -22.234 -22.211 -22.262 -22.312 -22.289 -22.325 -22.331 -22.388 -22.440 -22.428 -22.456 -22.428 -22.478 -22.507 -22.541 -22.592 -22.606
  54   0.015   0.014   0.014   0.013   0.013   0.014   0.014   0.013   0.014   0.013   0.013   0.013   0.015   0.014   0.013   0.014   0.014   0.014   0.015   0.014   0.015   0.013   0.012   0.015   0.013   0.013   0.013
  55 -21.600 -21.617 -21.595 -21.656 -21.769 -21.835 -21.846 -21.886 -21.924 -21.948 -22.010 -22.029 -22.031 -22.087 -22.126 -22.123 -22.098 -22.151 -22.208 -22.226 -22.220 -22.255 -22.255 -22.272 -22.304 -22.355 -22.389
  55   0.009   0.007   0.008   0.008   0.008   0.008   0.008   0.008   0.009   0.008   0.008   0.008   0.008   0.008   0.008   0.008   0.008   0.008   0.007   0.007   0.008   0.008   0.009   0.008   0.008   0.009   0.008
  56 -20.345 -20.768 -20.829 -20.892 -20.946 -20.963 -21.064 -21.222 -21.340 -21.448 -21.516 -21.578 -21.600 -21.676 -21.708 -21.706 -21.790 -21.802 -21.826 -21.828 -21.818 -21.916 -22.008 -22.075 -22.096 -22.114 -22.157
  56   0.008   0.009   0.009   0.008   0.008   0.009   0.008   0.007   0.007   0.008   0.008   0.008   0.009   0.008   0.008   0.008   0.009   0.009   0.008   0.009   0.009   0.008   0.009   0.008   0.008   0.008   0.009
  57 -21.648 -21.682 -21.722 -21.747 -21.785 -21.842 -21.892 -21.901 -21.953 -21.979 -21.969 -21.984 -22.029 -22.083 -22.110 -22.103 -22.133 -22.152 -22.170 -22.207 -22.242 -22.270 -22.256 -22.306 -22.365 -22.419 -22.453
  57   0.008   0.008   0.008   0.009   0.008   0.009   0.008   0.008   0.008   0.008   0.008   0.008   0.008   0.008   0.007   0.008   0.008   0.008   0.009   0.008   0.008   0.008   0.008   0.008   0.009   0.008   0.008
  58 -21.554 -21.668 -21.740 -21.771 -21.816 -21.852 -21.900 -21.956 -21.982 -21.989 -22.051 -22.089 -22.082 -22.093 -22.132 -22.179 -22.210 -22.207 -22.244 -22.254 -22.285 -22.317 -22.360 -22.382 -22.363 -22.402 -22.470
  58   0.002   0.002   0.002   0.002   0.002   0.002   0.002   0.002   0.002   0.002   0.002   0.002   0.002   0.002   0.002   0.002   0.002   0.002   0.002   0.002   0.002   0.002   0.002   0.002   0.002   0.002   0.002
  59 -19.661 -19.828 -19.919 -20.227 -20.427 -20.486 -20.582 -20.663 -20.689 -20.826 -20.969 -21.105 -21.215 -21.286 -21.340 -21.423 -21.508 -21.519 -21.547 -21.664 -21.671 -21.714 -21.750 -21.756 -21.863 -21.951 -22.030
  59   0.008   0.008   0.009   0.008   0.008   0.008   0.008   0.008   0.008   0.009   0.008   0.008   0.008   0.008   0.008   0.008   0.009   0.009   0.008   0.008   0.007   0.008   0.008   0.008   0.008   0.007   0.009
  60 -22.276 -22.269 -22.286 -22.404 -22.526 -22.554 -22.566 -22.640 -22.655 -22.700 -22.779 -22.782 -22.825 -22.868 -22.907 -22.861 -22.909 -22.992 -23.052 -23.045 -23.092 -23.101 -23.098 -23.132 -23.197 -23.251 -23.264
  60   0.009   0.009   0.008   0.009   0.008   0.009   0.008   0.008   0.009   0.009   0.009   0.009   0.009   0.009   0.008   0.009   0.009   0.009   0.008   0.008   0.008   0.009   0.009   0.008   0.008   0.008   0.008
  61 -21.061 -21.210 -21.334 -21.434 -21.495 -21.534 -21.589 -21.649 -21.626 -21.699 -21.727 -21.729 -21.757 -21.751 -21.851 -21.932 -21.976 -21.999 -22.036 -22.061 -22.100 -22.145 -22.192 -22.205 -22.194 -22.245 -22.291
  61   0.004   0.004   0.004   0.004   0.004   0.004   0.004   0.004   0.004   0.004   0.004   0.004   0.004   0.004   0.004   0.004   0.004   0.004   0.004   0.004   0.004   0.004   0.004   0.004   0.004   0.004   0.004
  62 -20.995 -21.086 -21.154 -21.257 -21.331 -21.531 -21.662 -21.804 -21.913 -22.013 -22.060 -22.162 -22.227 -22.249 -22.354 -22.408 -22.442 -22.453 -22.480 -22.591 -22.717 -22.807 -22.821 -22.851 -22.929 -22.987 -22.992
  62   0.007   0.007   0.008   0.008   0.008   0.008   0.007   0.008   0.007   0.008   0.008   0.008   0.008   0.008   0.007   0.008   0.008   0.008   0.008   0.008   0.007   0.007   0.008   0.008   0.008   0.008   0.008
  63 -21.369 -21.411 -21.454 -21.536 -21.527 -21.557 -21.628 -21.626 -21.659 -21.649 -21.746 -21.824 -21.886 -21.909 -21.947 -21.974 -22.023 -22.072 -22.128 -22.116 -22.140 -22.191 -22.230 -22.211 -22.227 -22.249 -22.297
  63   0.008   0.008   0.008   0.009   0.008   0.008   0.008   0.009   0.009   0.009   0.009   0.008   0.008   0.008   0.008   0.008   0.008   0.008   0.008   0.008   0.008   0.008   0.008   0.008   0.008   0.008   0.008
  64 -21.424 -21.502 -21.557 -21.548 -21.580 -21.657 -21.700 -21.721 -21.741 -21.757 -21.824 -21.843 -21.820 -21.829 -21.887 -21.920 -21.939 -22.249 -22.020 -22.037 -21.994 -22.030 -22.065 -22.081 -22.070 -22.081 -22.146
  64   0.008   0.008   0.009   0.008   0.008   0.008   0.008   0.008   0.008   0.009   0.008   0.008   0.009   0.008   0.008   0.008   0.008   0.009   0.008   0.008   0.008   0.009   0.009   0.008   0.008   0.008   0.008
  65 -21.402 -21.471 -21.502 -21.524 -21.593 -21.610 -21.635 -21.625 -21.734 -21.833 -21.880 -21.903 -21.948 -21.981 -22.019 -22.076 -22.122 -22.111 -22.170 -22.214 -22.236 -22.219 -22.237 -22.294 -22.341 -22.365 -22.364
  65   0.004   0.004   0.004   0.004   0.004   0.004   0.004   0.004   0.004   0.004   0.004   0.004   0.004   0.004   0.004   0.004   0.004   0.004   0.004   0.004   0.004   0.004   0.004   0.004   0.004   0.004   0.004
  66 -21.472 -21.489 -21.560 -21.568 -21.597 -21.597 -21.706 -21.795 -21.828 -21.858 -21.896 -21.927 -21.988 -22.041 -22.050 -22.061 -22.123 -22.164 -22.157 -22.161 -22.196 -22.242 -22.282 -22.281 -22.296 -22.335 -22.349
  66   0.002   0.002   0.002   0.002   0.002   0.002   0.002   0.002   0.002   0.002   0.002   0.002   0.002   0.002   0.002   0.002   0.002   0.002   0.002   0.002   0.002   0.002   0.002   0.002   0.002   0.002   0.002
  67 -20.491 -20.779 -20.951 -20.993 -21.064 -21.121 -21.112 -21.244 -21.357 -21.484 -21.545 -21.586 -21.614 -21.685 -21.729 -21.690 -21.761 -21.812 -21.801 -21.842 -21.810 -21.874 -21.965 -22.032 -22.069 -22.087 -22.114
  67   0.007   0.008   0.008   0.008   0.008   0.007   0.007   0.008   0.007   0.008   0.009   0.008   0.009   0.008   0.008   0.009   0.008   0.008   0.008   0.008   0.008   0.008   0.008   0.008   0.008   0.008   0.008
  68 -21.509 -21.520 -21.590 -21.601 -21.630 -21.627 -21.722 -21.803 -21.828 -21.858 -21.889 -21.912 -21.965 -22.013 -22.021 -22.032 -22.087 -22.117 -22.107 -22.106 -22.140 -22.181 -22.214 -22.204 -22.213 -22.253 -22.267
  68   0.002   0.002   0.002   0.002   0.002   0.002   0.002   0.002   0.002   0.002   0.002   0.002   0.002   0.002   0.002   0.002   0.002   0.002   0.002   0.002   0.002   0.002   0.002   0.002   0.002   0.002   0.002
  69 -21.892 -21.913 -22.009 -21.974 -21.978 -22.017 -22.131 -22.223 -22.236 -22.332 -22.367 -22.378 -22.457 -22.480 -22.479 -22.514 -22.575 -22.648 -22.608 -22.611 -22.691 -22.738 -22.736 -22.770 -22.788 -22.800 -22.787
  69   0.012   0.011   0.011   0.010   0.012   0.011   0.011   0.011   0.012   0.011   0.012   0.011   0.012   0.012   0.011   0.011   0.012   0.011   0.012   0.011   0.010   0.010   0.012   0.011   0.011   0.011   0.011
  70 -22.300 -22.424 -22.539 -22.560 -22.584 -22.656 -22.659 -22.726 -22.773 -22.773 -22.834 -22.887 -22.882 -22.855 -22.929 -22.999 -23.008 -23.035 -23.066 -23.060 -23.090 -23.136 -23.194 -23.214 -23.190 -23.226 -23.315
  70   0.008   0.008   0.007   0.009   0.009   0.009   0.009   0.008   0.008   0.008   0.009   0.008   0.009   0.009   0.008   0.008   0.009   0.009   0.008   0.008   0.009   0.007   0.008   0.008   0.008   0.008   0.008
  71 -21.977 -22.115 -22.244 -22.327 -22.384 -22.391 -22.433 -22.503 -22.491 -22.557 -22.541 -22.567 -22.540 -22.549 -22.673 -22.758 -22.774 -22.794 -22.833 -22.842 -22.873 -22.915 -22.966 -22.955 -22.953 -23.002 -23.031
  71   0.004   0.005   0.004   0.005   0.005   0.004   0.005   0.004   0.004   0.005   0.005   0.005   0.005   0.005   0.005   0.005   0.004   0.004   0.005   0.005   0.005   0.005   0.004   0.004   0.005   0.004   0.004
  72 -19.983 -20.057 -20.261 -20.274 -20.436 -20.551 -20.867 -20.974 -21.057 -21.130 -21.192 -21.213 -21.329 -21.448 -21.569 -21.665 -21.706 -21.732 -21.820 -21.912 -21.915 -21.886 -21.994 -22.051 -22.029 -22.086 -22.065
  72   0.014   0.013   0.012   0.014   0.013   0.014   0.014   0.014   0.014   0.013   0.014   0.014   0.013   0.013   0.014   0.013   0.013   0.014   0.014   0.012   0.014   0.014   0.013   0.014   0.014   0.013   0.013
  73 -20.648 -20.893 -21.037 -21.059 -21.149 -21.194 -21.171 -21.271 -21.387 -21.486 -21.533 -21.576 -21.606 -21.652 -21.706 -21.669 -21.732 -21.763 -21.773 -21.808 -21.788 -21.826 -21.920 -21.985 -22.001 -22.025 -22.056
  73   0.004   0.004   0.004   0.004   0.004   0.004   0.004   0.004   0.004   0.004   0.004   0.004   0.004   0.004   0.004   0.004   0.004   0.004   0.004   0.004   0.004   0.004   0.004   0.004   0.004   0.004   0.004
  74 -21.426 -21.539 -21.604 -21.651 -21.693 -21.770 -21.934 -22.042 -22.155 -22.229 -22.301 -22.326 -22.401 -22.428 -22.424 -22.506 -22.537 -22.550 -22.543 -22.542 -22.633 -22.737 -22.814 -22.819 -22.825 -22.884 -22.938
  74   0.008   0.007   0.008   0.008   0.008   0.008   0.008   0.008   0.008   0.008   0.008   0.008   0.007   0.008   0.008   0.008   0.007   0.008   0.010   0.009   0.009   0.009   0.008   0.009   0.009   0.009   0.008
  75 -21.474 -21.512 -21.575 -21.555 -21.633 -21.641 -21.672 -21.661 -21.698 -21.798 -21.856 -21.874 -21.915 -21.942 -21.970 -22.016 -22.062 -22.066 -22.079 -22.132 -22.161 -22.150 -22.143 -22.175 -22.213 -22.253 -22.260
  75   0.002   0.002   0.002   0.002   0.002   0.002   0.002   0.002   0.002   0.002   0.002   0.002   0.002   0.002   0.002   0.002   0.002   0.002   0.002   0.002   0.002   0.002   0.002   0.002   0.002   0.002   0.002
  76 -20.711 -20.794 -20.825 -20.982 -21.133 -21.302 -21.385 -21.437 -21.516 -21.635 -21.653 -21.658 -21.795 -21.802 -21.845 -21.871 -21.914 -22.034 -22.129 -22.200 -22.238 -22.275 -22.312 -22.383 -22.449 -22.513 -22.561
  76   0.012   0.013   0.013   0.013   0.013   0.013   0.012   0.013   0.013   0.013   0.014   0.014   0.014   0.014   0.013   0.013   0.013   0.013   0.013   0.013   0.013   0.014   0.013   0.014   0.013   0.014   0.012
  77 -21.367 -21.451 -21.515 -21.538 -21.612 -21.624 -21.648 -21.711 -21.726 -21.739 -21.716 -21.803 -21.912 -21.966 -21.976 -22.009 -22.054 -22.072 -22.109 -22.170 -22.167 -22.172 -22.232 -22.267 -22.272 -22.235 -22.272
  77   0.008   0.007   0.008   0.008   0.008   0.008   0.008   0.008   0.008   0.008   0.008   0.008   0.008   0.008   0.008   0.009   0.008   0.009   0.008   0.008   0.008   0.007   0.008   0.008   0.007   0.008   0.008
  78 -20.576 -20.923 -20.952 -21.021 -21.085 -21.107 -21.160 -21.314 -21.420 -21.515 -21.563 -21.608 -21.650 -21.717 -21.730 -21.719 -21.814 -21.805 -21.833 -21.843 -21.833 -21.927 -21.998 -22.049 -22.076 -22.101 -22.138
  78   0.004   0.004   0.004   0.004   0.004   0.004   0.004   0.004   0.004   0.004   0.004   0.004   0.004   0.004   0.004   0.004   0.004   0.004   0.004   0.004   0.004   0.004   0.004   0.004   0.004   0.004   0.004
  79 -21.335 -21.311 -21.327 -21.370 -21.405 -21.350 -21.347 -21.474 -21.497 -21.536 -21.574 -21.578 -21.599 -21.625 -21.641 -21.645 -21.667 -21.700 -21.716 -22.175 -22.467 -21.855 -21.943 -21.793 -21.836 -21.872 -21.853
  79   0.004   0.004   0.004   0.004   0.004   0.004   0.004   0.004   0.004   0.004   0.004   0.004   0.005   0.004   0.004   0.004   0.004   0.004   0.004   0.005   0.005   0.004   0.004   0.004   0.004   0.004   0.004
  80 -21.354 -21.416 -21.473 -21.509 -21.563 -21.697 -21.775 -21.817 -21.877 -21.915 -21.968 -22.032 -22.106 -22.119 -22.184 -22.226 -22.237 -22.236 -22.286 -22.346 -22.414 -22.436 -22.441 -22.484 -22.512 -22.540 -22.585
  80   0.008   0.008   0.009   0.008   0.008   0.008   0.008   0.009   0.007   0.008   0.008   0.008   0.008   0.008   0.008   0.008   0.008   0.008   0.008   0.008   0.008   0.009   0.009   0.008   0.008   0.008   0.009
  81 -21.284 -21.401 -21.486 -21.503 -21.558 -21.596 -21.643 -21.622 -21.655 -21.663 -21.688 -21.729 -21.715 -21.766 -21.860 -21.898 -21.914 -21.951 -21.955 -21.977 -22.021 -22.065 -22.102 -22.098 -22.142 -22.148 -22.138
  81   0.016   0.016   0.015   0.016   0.017   0.017   0.016   0.016   0.016   0.017   0.018   0.016   0.016   0.017   0.016   0.016   0.016   0.016   0.017   0.018   0.015   0.017   0.017   0.016   0.016   0.017   0.017
  82 -21.832 -21.909 -21.935 -21.967 -22.022 -22.083 -22.146 -22.145 -22.168 -22.231 -22.224 -22.220 -22.255 -22.310 -22.378 -22.376 -22.395 -22.380 -22.432 -22.466 -22.506 -22.561 -22.562 -22.567 -22.640 -22.684 -22.738
  82   0.013   0.014   0.014   0.015   0.014   0.013   0.013   0.014   0.014   0.013   0.014   0.014   0.014   0.014   0.013   0.014   0.012   0.015   0.015   0.015   0.014   0.014   0.015   0.014   0.014   0.014   0.014
  83 -21.587 -21.635 -21.658 -21.662 -21.719 -21.727 -21.746 -21.719 -21.805 -21.884 -21.905 -21.921 -21.960 -21.974 -22.004 -22.049 -22.084 -22.065 -22.114 -22.138 -22.142 -22.128 -22.138 -22.169 -22.199 -22.204 -22.183
  83   0.004   0.004   0.004   0.004   0.004   0.004   0.004   0.004   0.004   0.004   0.004   0.004   0.004   0.004   0.004   0.004   0.004   0.004   0.004   0.004   0.004   0.004   0.004   0.004   0.004   0.004   0.004
  84 -20.358 -20.781 -20.842 -20.907 -20.961 -20.978 -21.080 -21.239 -21.358 -21.466 -21.535 -21.598 -21.620 -21.696 -21.729 -21.727 -21.811 -21.823 -21.847 -21.848 -21.839 -21.936 -22.027 -22.093 -22.114 -22.131 -22.174
  84   0.008   0.008   0.008   0.008   0.008   0.008   0.009   0.007   0.008   0.008   0.008   0.008   0.008   0.008   0.008   0.009   0.008   0.009   0.008   0.009   0.008   0.008   0.008   0.008   0.008   0.008   0.009
  85 -20.075 -20.071 -20.218 -20.322 -20.737 -20.842 -20.906 -20.960 -21.023 -21.038 -21.194 -21.284 -21.444 -21.516 -21.582 -21.612 -21.654 -21.722 -21.737 -21.744 -21.830 -21.818 -21.849 -21.866 -21.839 -21.941 -22.026
  85   0.002   0.002   0.002   0.002   0.002   0.002   0.002   0.002   0.002   0.002   0.002   0.002   0.002   0.002   0.002   0.002   0.002   0.002   0.002   0.002   0.002   0.002   0.002   0.002   0.002   0.002   0.002
  86 -20.135 -20.205 -20.339 -20.366 -20.542 -20.678 -21.011 -21.031 -21.096 -21.157 -21.214 -21.201 -21.349 -21.445 -21.569 -21.630 -21.675 -21.700 -21.757 -21.817 -21.815 -21.801 -21.898 -21.897 -21.898 -21.938 -21.903
  86   0.008   0.007   0.008   0.008   0.008   0.009   0.008   0.008   0.008   0.008   0.008   0.009   0.008   0.008   0.008   0.008   0.009   0.009   0.008   0.008   0.008   0.007   0.008   0.009   0.009   0.009   0.008
  87 -22.328 -22.320 -22.336 -22.454 -22.574 -22.601 -22.611 -22.682 -22.695 -22.736 -22.813 -22.813 -22.853 -22.893 -22.929 -22.879 -22.924 -23.003 -23.060 -23.050 -23.094 -23.099 -23.093 -23.124 -23.185 -23.236 -23.246
  87   0.008   0.008   0.008   0.009   0.009   0.008   0.009   0.009   0.008   0.009   0.009   0.009   0.009   0.009   0.009   0.008   0.008   0.008   0.008   0.008   0.008   0.008   0.008   0.009   0.008   0.008   0.009
  88 -21.209 -21.201 -21.387 -21.537 -22.115 -21.348 -21.206 -21.216 -21.235 -21.230 -21.157 -21.173 -21.291 -21.278 -21.305 -21.312 -21.369 -21.339 -21.359 -21.388 -21.364 -21.372 -21.400 -21.402 -21.396 -22.163 -22.341
  88   0.004   0.004   0.004   0.005   0.005   0.004   0.004   0.004   0.004   0.004   0.004   0.004   0.004   0.004   0.004   0.004   0.004   0.004   0.004   0.004   0.004   0.004   0.004   0.004   0.004   0.006   0.006
  89 -21.533 -21.553 -21.584 -21.572 -21.624 -21.726 -21.773 -21.801 -21.841 -21.866 -21.908 -21.957 -21.994 -21.991 -22.045 -22.079 -22.076 -22.070 -22.106 -22.149 -22.187 -22.181 -22.190 -22.230 -22.245 -22.267 -22.300
  89   0.002   0.002   0.002   0.002   0.002   0.002   0.002   0.002   0.002   0.002   0.002   0.002   0.002   0.002   0.002   0.002   0.002   0.002   0.002   0.002   0.002   0.002   0.002   0.002   0.002   0.002   0.002
  90 -20.002 -20.115 -20.095 -20.262 -20.428 -20.832 -20.886 -20.948 -21.003 -21.061 -21.084 -21.244 -21.360 -21.494 -21.567 -21.629 -21.654 -21.711 -21.775 -21.780 -21.790 -21.876 -21.863 -21.892 -21.911 -21.885 -21.986
  90   0.004   0.004   0.004   0.004   0.004   0.004   0.004   0.004   0.004   0.004   0.004   0.004   0.004   0.004   0.004   0.004   0.004   0.004   0.004   0.004   0.004   0.004   0.004   0.004   0.004   0.004   0.004
  91 -21.285 -21.374 -21.438 -21.477 -21.561 -21.580 -21.610 -21.672 -21.680 -21.716 -21.696 -21.797 -21.904 -21.951 -21.978 -22.023 -22.054 -22.095 -22.148 -22.200 -22.195 -22.209 -22.272 -22.314 -22.304 -22.298 -22.326
  91   0.002   0.002   0.002   0.002   0.002   0.002   0.002   0.002   0.002   0.002   0.002   0.002   0.002   0.002   0.002   0.002   0.002   0.002   0.002   0.002   0.002   0.002   0.002   0.002   0.002   0.002   0.002
  92 -21.455 -21.512 -21.575 -21.704 -21.824 -21.929 -21.969 -22.041 -22.071 -22.110 -22.096 -22.129 -22.222 -22.173 -22.174 -22.168 -22.241 -22.340 -22.367 -22.392 -22.488 -22.516 -22.506 -22.568 -22.597 -22.608 -22.603
  92   0.011   0.012   0.011   0.012   0.011   0.012   0.011   0.011   0.011   0.011   0.012   0.012   0.011   0.011   0.011   0.011   0.011   0.011   0.011   0.012   0.011   0.010   0.010   0.011   0.012   0.012   0.011
  93 -20.169 -20.312 -20.350 -20.730 -20.905 -20.947 -21.005 -21.075 -21.082 -21.223 -21.329 -21.446 -21.536 -21.598 -21.639 -21.657 -21.729 -21.742 -21.745 -21.833 -21.844 -21.867 -21.870 -21.852 -21.938 -22.022 -22.102
  93   0.007   0.009   0.008   0.008   0.008   0.008   0.008   0.008   0.008   0.008   0.008   0.008   0.008   0.008   0.008   0.009   0.009   0.008   0.008   0.009   0.009   0.008   0.008   0.008   0.008   0.008   0.008
  94 -21.397 -21.440 -21.517 -21.518 -21.592 -21.605 -21.637 -21.620 -21.672 -21.791 -21.863 -21.888 -21.932 -21.972 -22.007 -22.056 -22.113 -22.119 -22.135 -22.199 -22.240 -22.238 -22.228 -22.268 -22.317 -22.365 -22.378
  94   0.002   0.002   0.002   0.002   0.002   0.002   0.002   0.002   0.002   0.002   0.002   0.002   0.002   0.002   0.002   0.002   0.002   0.002   0.002   0.002   0.002   0.002   0.002   0.002   0.002   0.002   0.002
  95 -20.515 -20.663 -20.734 -20.937 -21.101 -21.145 -21.230 -21.259 -21.251 -21.336 -21.455 -21.538 -21.600 -21.618 -21.669 -21.704 -21.754 -21.753 -21.770 -21.824 -21.810 -21.855 -21.888 -21.871 -21.931 -22.015 -22.077
  95   0.017   0.015   0.015   0.017   0.017   0.015   0.017   0.017   0.018   0.017   0.016   0.015   0.016   0.016   0.016   0.016   0.016   0.017   0.016   0.018   0.018   0.016   0.016   0.015   0.017   0.016   0.017
  96 -21.471 -21.551 -21.687 -21.743 -21.807 -21.847 -21.889 -21.968 -22.041 -22.077 -22.130 -22.169 -22.171 -22.164 -22.228 -22.298 -22.375 -22.386 -22.409 -22.439 -22.478 -22.488 -22.543 -22.599 -22.630 -22.630 -22.694
  96   0.017   0.017   0.016   0.017   0.015   0.016   0.018   0.016   0.017   0.015   0.016   0.016   0.018   0.016   0.015   0.015   0.017   0.017   0.015   0.017   0.016   0.017   0.017   0.016   0.017   0.016   0.016
  97 -21.757 -21.764 -21.847 -21.933 -22.006 -22.027 -22.057 -22.104 -22.168 -22.225 -22.225 -22.215 -22.285 -22.311 -22.295 -22.324 -22.340 -22.409 -22.442 -22.433 -22.454 -22.439 -22.487 -22.505 -22.544 -22.596 -22.586
  97   0.013   0.014   0.013   0.014   0.013   0.013   0.014   0.013   0.014   0.013   0.014   0.013   0.013   0.013   0.014   0.013   0.014   0.013   0.014   0.013   0.014   0.014   0.015   0.015   0.015   0.013   0.013
  98 -21.975 -22.098 -22.146 -22.211 -22.306 -22.308 -22.366 -22.402 -22.408 -22.443 -22.506 -22.573 -22.530 -22.560 -22.643 -22.664 -22.684 -22.708 -22.731 -22.709 -22.711 -22.770 -22.855 -22.848 -22.805 -22.856 -22.966
  98   0.012   0.011   0.011   0.011   0.011   0.012   0.010   0.011   0.011   0.011   0.011   0.011   0.011   0.011   0.010   0.011   0.012   0.011   0.011   0.011   0.011   0.011   0.011   0.012   0.011   0.011   0.011
